5000
98
75
56
33
66
54
38
28
32
89
62
49
19
79
16
52
29
94
10
83
19
6
62
86
43
49
15
81
31
48
72
97
19
29
34
62
69
86
30
36
70
6
10
21
26
31
9
34
7
72
47
69
89
18
20
96
59
86
65
89
84
61
17
56
85
19
42
40
46
10
25
93
40
45
5
50
23
47
87
9
89
27
35
8
31
42
46
60
37
53
76
69
68
18
73
9
36
33
7
76
47
69
7
8
32
57
13
11
64
31
95
49
24
25
73
73
88
74
62
87
95
44
37
97
87
4
73
7
59
44
33
58
63
72
43
91
3
3
56
86
28
19
40
35
82
89
11
7
24
36
90
86
32
96
39
69
33
24
40
39
11
17
74
9
25
42
42
26
74
47
83
76
64
23
84
65
63
28
31
43
84
68
17
58
35
45
33
81
51
4
38
69
62
95
67
12
66
72
52
81
69
81
15
80
10
13
15
82
63
41
70
75
62
8
54
8
42
32
32
63
17
82
74
78
70
25
60
46
97
24
8
59
28
62
35
9
65
51
76
26
37
51
84
54
34
93
1
18
59
11
78
75
44
91
1
55
3
46
24
67
58
3
27
30
40
91
73
83
40
47
82
1
18
6
31
14
11
65
1
62
23
11
77
60
97
26
58
61
49
3
50
95
69
78
56
35
78
1
0
65
63
53
98
51
54
9
93
27
66
9
86
63
30
83
84
47
27
0
19
58
7
49
35
80
65
97
53
25
31
78
35
69
74
18
2
89
62
29
64
1
61
75
46
97
4
34
55
24
15
94
80
30
47
57
43
44
41
10
34
63
47
27
63
4
49
48
0
6
42
28
11
0
57
46
63
35
32
10
50
47
45
85
62
38
74
27
59
2
57
39
52
26
80
23
57
1
22
34
43
18
81
77
41
1
22
93
61
43
50
78
11
37
79
72
29
74
35
88
36
83
68
8
38
18
34
22
24
67
69
93
89
44
17
86
41
78
30
66
58
8
75
77
86
95
66
83
33
70
30
18
0
17
16
43
71
60
17
86
48
31
37
78
51
76
19
5
7
26
47
63
9
25
1
42
25
18
44
81
1
83
3
41
76
97
46
40
23
74
98
35
42
9
72
91
24
97
93
80
55
10
16
66
27
21
39
3
19
27
75
38
5
45
89
55
70
55
65
72
22
83
67
14
26
60
77
56
65
90
28
44
19
49
22
32
50
25
28
64
22
92
6
16
95
82
75
31
56
76
63
7
75
74
1
15
96
75
72
31
66
98
58
73
38
34
61
43
54
78
77
65
16
89
11
43
29
15
1
29
28
38
37
12
55
84
23
83
16
42
96
49
82
75
63
75
19
70
96
43
92
2
80
89
37
21
90
38
39
2
67
13
55
96
96
24
3
60
87
89
18
43
86
0
52
75
91
57
2
62
92
98
37
87
69
93
78
86
54
78
1
86
16
64
22
80
87
77
8
30
45
0
2
44
15
56
71
53
18
16
80
24
68
65
84
55
38
68
28
42
49
10
61
90
81
95
34
46
58
83
16
53
27
84
67
96
5
29
52
82
24
93
44
19
16
88
9
45
10
7
85
67
71
67
48
78
27
68
34
35
76
98
86
76
31
46
26
48
3
68
48
4
20
86
73
43
23
79
63
47
53
28
34
27
32
85
33
4
67
9
83
93
84
32
20
80
1
86
59
53
20
0
53
82
72
91
49
27
84
48
15
88
67
90
74
73
6
83
96
7
49
22
37
95
87
36
93
18
27
81
42
9
43
94
83
85
83
17
12
78
6
8
54
57
12
75
5
17
9
51
32
6
32
17
12
26
93
34
89
56
32
89
33
62
6
89
8
85
87
34
47
49
97
36
24
74
83
40
84
35
8
21
65
36
40
22
19
56
94
49
26
94
84
91
18
64
34
32
76
78
84
89
22
47
65
98
18
7
63
64
42
61
20
18
87
64
88
98
98
10
76
51
74
5
82
46
93
14
49
77
11
28
89
59
28
70
75
48
10
28
12
49
44
9
40
11
29
80
97
73
44
93
86
15
97
40
79
83
73
90
42
7
65
14
23
56
91
65
33
61
49
22
2
11
31
76
0
51
43
50
71
51
84
25
37
96
53
50
83
9
68
35
16
0
62
16
25
92
90
38
44
71
77
30
33
39
7
80
9
83
16
45
75
39
87
31
40
11
30
90
72
42
4
97
94
34
98
16
1
87
35
87
61
41
24
48
75
41
92
73
45
68
98
28
74
65
16
39
1
32
51
25
21
88
44
21
89
38
39
2
89
27
54
55
23
1
21
61
89
46
41
0
48
77
64
27
69
13
91
37
37
15
96
29
13
18
15
7
48
59
50
20
73
77
36
40
97
64
94
22
75
10
4
20
24
80
86
62
79
35
37
32
52
8
3
69
79
87
44
12
47
90
49
21
0
49
9
8
5
87
63
86
97
65
73
81
75
14
29
58
50
84
93
70
38
97
90
3
15
82
21
35
79
25
82
38
43
1
30
69
32
10
41
77
50
67
61
61
41
64
91
6
92
38
40
64
34
60
53
47
22
75
49
22
78
56
18
79
1
18
36
61
39
51
24
5
87
21
69
45
64
2
30
10
41
21
88
80
5
25
75
65
51
28
14
66
38
7
70
50
97
15
24
67
66
54
75
19
89
61
86
85
58
28
44
6
59
41
61
18
91
56
25
26
32
2
73
31
73
0
31
82
44
7
52
90
22
35
30
29
5
24
77
6
0
7
61
31
49
8
59
66
69
42
60
79
35
10
45
57
60
78
57
84
6
18
95
20
63
44
70
37
36
98
1
55
51
78
43
86
20
69
17
55
72
96
25
10
1
79
97
5
44
43
28
26
4
64
26
72
69
25
11
40
66
39
15
32
61
65
38
50
48
40
35
65
52
84
45
81
15
54
83
80
8
47
86
15
59
51
20
30
15
29
78
67
71
64
27
60
30
66
29
70
13
32
4
51
71
47
10
9
54
7
38
80
5
22
41
24
41
59
28
30
16
86
98
63
50
30
8
21
57
44
16
25
7
78
16
10
44
51
91
74
49
96
26
45
74
34
54
17
69
52
42
78
89
54
64
15
35
74
62
46
9
84
24
46
33
76
48
70
21
46
93
80
54
34
72
5
98
91
84
1
27
55
39
3
79
0
19
22
47
45
74
59
25
64
27
30
69
19
46
29
15
32
73
78
10
87
26
52
46
85
29
94
9
69
22
32
4
85
15
15
3
91
90
81
9
94
3
91
27
20
87
92
52
46
1
95
23
97
16
5
72
66
3
22
5
43
18
3
63
87
1
20
69
49
77
1
66
55
94
14
82
56
28
89
94
65
57
49
46
38
24
89
94
65
26
20
98
1
9
11
65
95
74
52
1
85
39
77
33
23
21
48
71
3
33
77
73
7
90
73
45
86
58
24
13
37
56
72
14
12
91
88
24
54
58
82
89
19
91
28
37
77
83
92
90
67
95
10
87
67
27
18
97
23
66
3
31
71
14
54
63
14
77
3
58
94
55
22
97
40
0
51
75
1
9
41
53
22
45
7
28
46
7
58
82
66
19
5
12
11
66
6
57
90
25
10
76
15
11
58
39
69
62
29
90
75
10
95
47
50
30
97
49
5
89
95
61
21
35
89
17
25
91
11
13
93
8
19
63
18
73
49
8
24
87
55
89
48
76
51
43
79
95
47
86
30
92
46
84
59
94
19
4
17
7
15
15
23
23
96
45
25
51
43
68
42
81
55
60
6
81
60
9
23
36
59
5
7
92
32
91
23
79
65
1
78
90
47
89
48
24
10
57
51
58
55
86
90
55
36
6
20
14
40
87
17
48
76
96
20
49
65
10
57
17
50
37
62
43
71
16
95
91
91
87
27
74
82
36
45
32
8
8
94
22
85
59
62
54
42
19
42
14
21
69
70
28
66
39
11
56
46
64
64
61
34
37
18
90
69
38
48
60
57
89
89
8
20
78
70
18
63
71
71
46
7
17
7
93
23
7
24
26
16
59
18
42
38
40
66
49
9
66
38
69
82
11
45
8
29
95
97
38
41
20
39
6
40
19
62
32
0
37
43
57
13
79
7
17
62
6
20
3
98
0
61
75
72
62
87
29
70
52
98
46
92
46
74
82
97
3
21
75
87
30
9
32
82
76
54
44
26
32
33
41
34
38
60
69
63
96
18
79
42
54
54
63
47
70
49
71
71
59
4
68
59
51
19
51
33
36
86
15
42
13
5
37
45
60
24
47
36
62
0
52
22
38
39
64
35
68
53
98
29
88
64
80
44
67
54
55
91
50
10
40
68
47
95
82
87
45
34
12
71
45
30
96
82
92
42
13
44
85
76
0
42
20
95
0
84
46
29
6
91
39
52
59
13
26
12
26
66
39
65
21
78
60
95
44
69
78
34
82
74
43
10
34
41
56
71
78
35
15
78
51
77
84
43
3
46
25
37
97
9
88
81
17
54
18
25
38
53
19
1
81
60
13
47
56
34
9
97
59
50
96
93
59
24
98
48
89
68
74
46
49
91
10
3
92
24
33
25
90
46
71
95
28
88
31
19
35
45
42
16
16
70
13
83
23
80
25
62
38
93
29
69
75
89
31
26
38
28
49
93
59
98
76
90
52
75
41
23
15
32
18
11
13
41
41
83
44
30
64
29
38
69
27
21
37
94
72
64
32
57
64
51
63
47
86
22
45
65
96
75
25
4
56
46
76
7
43
0
71
76
26
48
42
35
44
97
91
60
92
19
0
73
90
26
95
55
71
40
20
63
82
77
44
33
83
38
61
47
75
94
46
34
19
0
95
4
30
33
9
2
76
50
35
47
17
47
74
0
12
65
44
87
4
87
3
61
89
43
34
84
41
3
77
59
60
37
8
76
49
20
85
34
97
25
81
85
98
29
15
47
56
29
55
88
87
16
42
0
4
76
79
26
21
86
28
85
23
28
52
2
93
94
72
61
3
32
53
5
52
29
29
86
68
46
82
51
57
25
13
19
41
57
98
2
78
47
49
83
2
47
93
41
11
87
74
1
83
70
59
58
77
3
27
33
52
40
26
71
18
45
24
53
96
72
30
7
12
45
93
36
15
5
74
95
11
27
76
59
78
29
39
19
88
51
69
16
55
27
30
37
8
11
47
64
5
77
69
57
93
83
11
44
34
57
11
50
57
20
37
58
41
17
96
31
64
39
26
5
43
46
63
70
70
93
55
39
17
11
10
48
57
17
2
32
40
36
41
41
63
81
5
86
56
2
70
10
16
34
53
47
65
28
44
52
89
71
14
50
2
51
91
20
67
4
50
4
18
47
97
75
74
49
23
16
18
97
79
90
67
93
9
34
94
49
87
45
44
83
33
28
12
73
50
38
40
88
34
83
60
11
23
65
39
29
26
48
44
36
17
58
65
70
76
63
37
88
22
83
21
29
41
21
82
65
92
67
46
40
0
93
16
61
18
11
71
39
40
21
68
16
10
4
72
96
20
63
40
85
80
52
62
49
34
60
33
31
67
63
70
4
14
66
76
92
20
93
17
89
88
38
66
30
42
68
22
50
57
85
58
94
1
41
51
46
41
95
50
62
53
64
30
20
88
37
56
53
24
26
87
40
72
64
50
64
31
17
56
21
60
63
10
52
90
93
48
6
80
60
6
95
61
1
83
51
73
93
44
89
34
7
11
20
73
48
2
71
73
89
92
56
66
51
20
32
93
23
56
28
20
92
49
20
37
96
85
71
27
30
50
55
55
38
53
98
42
8
75
24
35
0
2
94
34
22
14
11
21
21
40
78
1
83
32
11
78
89
7
82
63
16
4
49
12
46
46
43
85
39
45
44
20
86
13
1
98
39
31
23
90
43
80
54
31
3
8
72
63
51
37
67
54
90
62
17
6
60
94
12
50
86
9
98
87
36
22
66
62
95
70
26
34
81
70
61
88
21
59
18
94
23
42
92
31
78
72
11
16
92
90
33
9
50
45
86
28
52
24
19
10
34
65
71
98
11
45
94
1
31
18
80
35
45
86
31
25
27
29
76
24
86
96
34
37
40
24
90
17
77
56
14
33
9
87
55
29
23
75
48
55
56
87
36
77
12
33
46
21
43
94
19
72
67
43
43
96
73
72
9
97
84
74
5
95
53
72
0
38
48
77
33
74
62
79
62
12
11
93
89
48
82
25
94
73
32
7
42
9
14
90
53
60
21
14
17
3
89
92
98
61
40
79
96
13
59
38
20
92
93
62
58
62
34
34
76
36
92
72
95
27
61
36
45
48
1
98
97
12
17
28
6
92
66
22
76
32
95
82
62
40
28
3
75
90
22
83
40
39
13
1
37
11
83
34
62
48
70
50
65
52
78
11
81
12
71
6
49
1
52
53
59
37
83
7
15
64
55
7
42
32
14
84
13
94
94
73
74
29
8
19
31
68
74
44
82
95
3
77
98
50
26
46
73
31
2
18
70
8
57
58
9
81
88
84
6
51
67
30
59
42
15
28
27
93
74
6
6
5
59
54
4
80
5
72
26
57
85
32
50
2
49
87
95
39
57
73
97
60
4
61
75
84
21
27
10
42
70
25
84
75
80
96
31
9
58
3
16
73
91
39
21
35
34
52
7
50
55
60
25
71
48
53
37
19
86
84
57
20
23
48
37
75
45
19
42
70
86
34
64
91
41
56
78
12
5
48
36
13
44
1
68
54
29
2
37
63
32
76
58
65
67
70
48
60
40
38
15
56
3
36
59
26
6
25
76
38
73
80
90
42
73
25
25
68
73
83
73
21
43
92
71
9
74
52
45
0
13
64
87
23
75
37
57
69
45
48
66
79
19
48
37
85
50
19
40
12
35
37
26
90
27
70
5
56
20
26
58
12
16
48
90
16
94
72
90
36
14
35
4
96
51
80
30
91
63
39
92
72
94
44
27
30
21
34
49
87
74
57
4
52
4
38
30
70
9
65
11
70
97
76
63
44
3
77
54
76
21
71
61
81
81
25
94
73
60
60
25
94
3
6
58
21
58
20
47
43
74
11
47
13
45
2
25
49
30
95
52
54
36
30
32
62
60
14
55
21
18
49
6
21
11
55
29
31
51
55
7
1
88
37
5
20
10
11
69
65
45
54
77
89
34
11
91
75
39
70
33
71
70
21
29
48
70
29
33
63
17
90
10
47
15
11
80
58
10
53
32
86
50
81
14
92
90
56
69
51
51
65
17
34
51
24
2
78
13
72
69
29
93
1
5
3
24
16
97
39
65
86
76
48
18
67
38
39
12
96
43
50
50
94
0
96
47
61
93
57
87
36
6
81
54
73
5
37
98
40
87
41
81
97
31
87
60
78
36
42
40
4
16
89
73
73
0
31
42
31
14
25
98
4
49
49
13
23
45
40
55
81
69
51
14
93
34
95
42
66
65
37
86
17
50
78
44
57
60
97
51
86
70
62
0
40
27
33
24
70
29
45
48
42
81
19
38
50
46
16
98
31
75
20
8
63
71
58
5
52
12
69
62
15
41
89
72
84
65
84
47
36
2
97
86
37
20
20
45
35
78
38
86
5
82
14
6
81
19
30
14
38
19
53
85
23
4
76
55
40
75
88
6
5
20
77
8
93
14
24
30
2
71
57
39
55
68
75
61
23
84
80
76
72
10
44
24
42
75
65
65
33
25
19
28
3
60
61
98
71
22
71
84
32
10
97
45
35
72
21
3
52
93
18
19
50
66
49
14
69
29
28
71
61
34
77
65
34
28
32
63
74
53
78
15
61
72
19
61
50
94
8
3
35
60
92
20
95
97
80
30
81
11
53
44
18
40
20
93
51
60
51
9
70
19
27
49
66
22
96
24
52
76
40
8
21
4
13
61
30
92
86
28
21
20
31
71
82
3
74
93
74
82
52
28
14
4
78
50
21
37
61
94
76
19
12
4
20
22
74
56
81
46
70
66
50
12
80
50
6
68
36
28
44
42
11
59
79
69
8
58
1
75
31
18
86
55
80
7
56
38
73
90
48
56
44
66
41
61
6
40
70
70
52
73
20
76
40
64
80
78
17
11
87
77
96
3
71
68
88
92
34
8
19
36
30
97
58
45
95
28
45
95
24
5
86
66
11
84
44
80
16
47
93
90
8
22
91
16
46
80
7
57
75
81
52
81
88
82
91
86
56
3
78
53
97
27
73
6
67
14
19
72
4
25
54
75
61
86
29
10
11
57
15
98
65
42
53
32
89
85
85
93
49
52
26
12
0
28
63
46
97
65
94
91
30
94
15
86
96
89
19
57
9
5
21
50
80
94
50
40
74
39
58
77
40
39
92
52
94
33
36
86
30
3
39
7
82
3
57
59
66
31
42
98
37
76
27
28
6
34
17
80
4
29
70
10
5
42
29
53
46
88
17
9
17
85
87
54
18
16
12
6
46
3
25
42
68
61
97
22
50
53
96
75
41
35
45
38
19
55
1
62
59
44
67
33
77
8
42
59
1
98
59
96
19
10
47
33
18
10
1
15
49
42
76
66
4
69
55
45
62
81
3
34
80
56
65
37
91
46
8
77
80
26
25
36
23
59
65
94
25
14
55
23
64
25
11
14
58
87
78
83
39
10
81
62
1
66
68
57
23
38
70
95
32
10
98
64
66
54
69
45
70
29
42
96
57
78
5
69
69
56
88
51
17
89
82
35
16
3
63
73
93
56
41
67
41
56
56
46
17
58
48
69
28
65
8
20
87
5
5
62
10
33
37
29
79
81
27
14
66
77
7
89
86
0
27
13
62
55
92
77
50
75
93
77
29
10
56
63
63
68
0
56
19
77
67
80
3
97
96
38
82
59
33
62
12
10
59
33
4
90
64
98
60
80
6
13
75
15
28
64
15
97
9
30
15
85
9
98
27
49
68
28
72
97
67
58
81
83
80
94
89
65
54
9
50
77
51
56
62
26
46
34
36
54
62
19
63
53
22
21
77
51
28
35
20
93
19
45
65
9
54
40
60
75
19
96
73
9
6
66
47
62
87
6
38
54
93
86
0
55
5
93
73
43
58
87
33
10
44
9
55
15
40
67
49
89
80
71
53
95
64
33
38
62
79
4
80
61
15
58
5
68
60
96
68
77
6
73
97
62
21
16
88
28
19
13
66
63
98
0
65
11
22
41
8
57
45
54
95
48
5
82
31
95
22
19
98
20
97
24
94
18
82
86
1
50
48
37
7
78
71
55
78
7
38
71
47
13
80
27
7
98
78
44
85
54
50
5
56
5
69
47
98
94
54
24
40
42
90
87
36
11
39
73
83
59
55
7
39
11
65
94
44
10
65
19
76
32
62
43
71
14
13
33
56
65
71
55
91
25
57
72
98
13
5
8
60
74
7
71
67
95
4
52
33
22
84
81
87
36
59
19
19
19
65
44
49
49
76
19
78
91
31
16
16
34
47
0
29
14
87
70
46
47
13
41
1
22
17
50
41
7
84
26
28
22
91
51
23
15
3
73
77
38
20
23
8
61
68
58
69
61
10
66
86
39
32
18
46
34
66
74
82
8
49
28
23
86
14
53
9
87
50
53
85
2
64
21
91
92
35
34
96
46
11
72
89
10
80
58
22
32
31
69
38
98
29
82
71
42
52
72
10
49
44
27
35
11
76
8
14
18
33
11
3
72
53
50
64
16
36
83
4
54
64
98
28
75
5
24
56
6
92
1
83
36
71
31
37
56
57
94
55
54
32
5
80
18
85
54
83
15
67
25
42
52
42
3
13
89
76
0
52
61
77
30
87
49
5
90
71
72
37
36
71
72
72
66
96
53
84
64
55
13
81
19
8
20
11
54
21
42
31
61
31
40
13
48
19
58
28
13
21
21
64
56
7
84
33
81
33
4
64
64
37
55
18
37
47
81
52
89
13
58
65
14
72
97
1
8
12
5
16
67
50
10
63
84
45
31
49
5
10
52
50
27
71
69
81
42
96
42
42
51
1
39
82
32
8
62
6
49
32
15
30
56
10
6
6
55
30
0
0
70
56
74
50
18
51
60
98
80
22
96
84
0
23
64
44
20
57
88
23
19
52
93
79
52
6
66
65
35
9
88
36
26
57
19
68
26
14
54
18
8
17
16
81
52
83
14
64
29
2
84
85
33
84
48
73
26
85
91
0
20
88
61
7
74
65
17
19
6
59
94
38
39
24
78
69
83
27
31
0
46
62
34
96
26
17
82
64
63
85
80
74
44
68
61
89
17
76
48
87
49
18
93
79
44
24
81
59
58
81
75
60
21
5
12
58
62
17
21
63
44
7
1
57
69
2
29
50
4
80
17
88
59
15
19
92
58
25
3
97
8
45
40
11
69
47
74
60
16
5
6
52
19
40
85
38
78
53
50
83
95
64
91
70
68
93
54
84
41
43
30
82
60
35
66
21
13
95
59
60
26
28
16
80
76
30
16
12
57
51
49
93
27
92
77
25
53
45
88
2
56
82
62
22
5
94
13
65
92
88
44
8
14
0
79
32
59
77
52
94
81
58
70
71
85
48
10
36
79
85
73
32
86
82
59
58
16
27
11
9
28
65
23
78
82
11
76
2
1
85
45
4
79
39
23
73
81
52
7
22
65
40
16
52
88
88
63
1
2
24
90
23
49
41
49
29
63
40
67
37
18
53
87
71
14
29
25
27
48
22
59
48
72
85
35
4
57
87
83
68
7
17
88
86
62
12
83
91
65
26
94
73
96
92
57
19
32
8
86
42
25
30
37
6
95
89
65
15
59
45
44
98
71
89
31
27
86
56
17
73
49
21
5
52
57
16
83
60
30
88
20
17
67
9
64
68
87
8
3
34
55
45
91
93
14
52
83
46
62
77
81
86
23
32
60
25
0
35
33
72
5
92
65
78
46
21
5
13
10
84
17
31
89
98
70
28
68
66
87
72
77
44
70
97
61
41
55
46
35
16
0
8
98
40
53
17
75
4
6
31
81
6
0
7
89
55
57
83
67
15
64
9
90
46
19
2
23
79
42
42
94
80
5
46
41
44
80
33
20
87
71
94
63
57
69
43
16
20
62
55
72
39
4
14
87
90
86
26
22
23
39
77
29
35
21
96
88
96
25
0
41
49
74
1
66
37
34
12
25
29
92
79
33
17
17
55
3
77
36
40
85
23
49
88
76
53
9
65
45
77
83
29
14
71
11
93
57
73
90
74
73
49
75
43
18
12
79
31
97
26
72
98
60
54
89
30
22
91
52
39
93
57
21
52
93
47
80
53
8
88
87
62
59
50
58
92
58
53
37
22
96
94
15
13
2
11
2
72
43
52
24
47
20
