500
61
15
5
54
46
43
57
58
4
55
64
19
36
17
55
87
23
50
51
45
15
24
62
70
54
76
33
93
54
32
43
27
80
77
47
29
52
4
33
57
96
9
9
38
93
0
31
5
44
22
73
78
56
70
28
71
84
4
83
69
72
58
68
35
70
83
2
36
39
60
94
59
85
83
97
79
73
8
35
66
18
64
83
6
64
97
58
49
94
24
85
17
1
95
97
90
91
22
95
15
52
17
1
50
58
11
94
35
57
27
2
82
88
38
25
1
79
54
58
79
32
71
10
87
36
87
26
34
86
66
6
22
17
79
11
92
54
85
91
12
53
14
53
62
44
33
78
81
30
25
44
23
19
86
80
67
5
97
83
32
8
1
27
20
73
98
20
48
72
39
64
93
67
0
33
27
63
29
32
19
14
2
45
15
93
15
66
28
70
0
52
81
22
57
91
27
9
6
80
33
82
65
36
87
94
4
26
75
4
37
74
66
98
5
64
10
31
83
25
12
50
29
42
64
93
61
44
50
82
39
18
22
69
83
14
88
40
54
23
18
26
95
3
24
0
41
69
58
14
71
75
83
68
3
23
9
81
34
17
10
59
53
10
80
62
49
40
37
73
19
47
88
56
62
64
28
6
71
93
43
74
4
42
25
13
94
15
51
92
76
56
15
40
6
63
45
3
36
29
82
92
45
27
9
95
63
98
68
28
59
94
21
92
8
7
3
55
59
41
33
62
12
15
54
1
36
60
59
15
20
90
56
30
18
49
27
49
22
13
40
43
12
40
60
65
2
40
67
55
38
22
14
76
24
24
34
20
33
92
23
85
61
64
44
74
16
33
15
12
46
72
23
53
71
1
56
32
53
57
11
29
11
42
80
27
39
31
9
14
74
82
9
67
98
42
67
20
84
11
48
84
16
9
82
11
54
16
43
74
48
22
1
1
3
70
6
26
13
11
91
73
69
73
2
90
2
75
54
42
23
2
32
31
16
52
9
91
9
60
10
58
62
2
36
36
75
28
85
17
57
34
48
4
69
18
90
80
82
86
35
3
71
11
6
61
56
78
78
20
9
50
87
66
23
56
78
38
41
30
23
78
73
23
47
55
73
38
2
98
32
84
25
77
16
30
16
76
61
76
53
