1000
36
82
36
57
84
30
8
29
41
89
0
20
2
43
10
54
93
15
27
58
88
19
77
7
6
77
97
56
12
24
88
71
26
40
72
82
15
0
38
74
78
4
51
59
45
47
91
67
49
46
60
83
28
39
52
60
43
88
17
70
94
98
95
79
79
6
79
16
58
93
4
27
65
77
2
69
12
48
55
10
78
51
56
78
92
54
81
33
23
35
54
12
23
97
46
39
58
90
52
67
77
32
0
15
36
55
36
88
54
14
83
4
48
21
60
75
15
39
86
70
88
25
60
37
76
54
90
73
84
70
52
64
71
17
68
41
61
55
9
88
10
64
76
0
16
53
67
47
53
93
48
70
47
23
55
82
88
29
24
3
91
57
47
96
84
23
56
78
4
27
85
30
92
66
21
1
18
23
66
48
19
77
87
83
98
11
38
50
6
67
50
90
58
82
80
76
55
39
34
33
66
51
57
91
44
52
74
95
61
89
55
49
64
66
69
62
18
58
6
17
62
36
16
48
92
0
64
87
91
23
38
67
27
2
87
90
57
11
80
45
44
35
46
92
72
59
84
90
90
90
70
64
69
84
16
80
12
19
6
50
86
11
86
92
87
39
27
52
48
36
74
96
6
3
35
32
27
76
36
50
93
31
88
41
5
98
47
51
86
40
54
65
68
33
90
15
18
38
66
83
94
26
37
51
90
64
53
68
61
54
93
88
9
60
80
49
13
77
55
6
50
23
92
91
84
89
51
52
80
87
72
94
33
46
27
39
38
10
12
8
11
95
72
2
7
52
70
58
26
3
24
19
88
64
44
77
26
27
58
15
70
15
43
25
19
43
70
87
92
50
11
5
25
23
61
30
65
24
21
30
90
30
42
82
8
18
10
50
71
73
79
40
57
55
42
22
36
21
39
58
40
52
26
98
85
12
2
75
34
62
69
97
92
66
37
49
60
92
37
43
94
98
22
8
96
72
70
7
77
67
44
84
69
57
87
77
98
88
73
18
57
45
75
43
13
74
71
80
53
15
30
89
76
91
20
91
78
21
13
12
90
42
69
7
45
84
22
16
80
38
73
53
34
81
64
14
74
77
10
74
29
80
54
54
71
89
76
11
30
56
6
0
62
29
97
64
16
75
90
26
14
64
86
45
31
8
80
67
13
63
50
85
17
34
14
26
0
33
25
4
60
83
95
48
82
32
66
18
40
32
81
11
8
58
31
93
39
16
50
31
49
11
13
30
55
79
23
44
83
41
67
2
70
50
25
18
68
25
31
23
28
10
20
14
31
29
31
0
84
51
26
2
74
6
18
88
89
87
24
1
10
44
8
42
64
96
86
0
28
92
58
18
22
83
8
70
34
28
31
65
84
10
64
48
47
80
3
80
44
49
27
74
36
16
76
54
81
29
18
29
16
73
16
82
78
91
87
57
48
50
57
96
39
46
84
78
4
47
27
46
63
23
88
19
14
66
48
6
98
60
63
73
15
11
97
94
98
34
53
51
91
22
16
15
97
50
37
85
63
48
32
98
23
23
96
7
82
50
53
16
45
80
89
16
10
33
53
73
52
56
59
81
35
65
34
88
37
32
92
52
64
4
67
80
21
5
23
18
54
15
64
31
7
72
36
85
91
92
41
8
49
86
97
79
65
41
40
80
27
12
6
75
96
77
96
92
42
97
52
91
67
76
1
50
46
75
49
88
50
77
92
76
17
60
63
44
34
93
88
2
8
79
7
6
44
40
50
31
84
39
97
7
65
26
3
45
90
97
44
2
5
59
98
55
18
98
85
87
90
51
33
74
38
71
80
23
54
45
51
82
62
21
95
40
0
80
7
7
38
68
32
45
2
13
3
7
63
60
54
1
1
29
13
32
80
33
67
35
87
7
23
51
95
76
60
45
90
40
12
82
68
31
5
29
85
91
21
80
79
76
4
8
42
98
25
94
39
61
50
0
10
90
42
22
50
72
53
12
91
14
29
62
25
86
68
79
5
48
76
61
72
31
7
25
4
50
96
96
41
79
52
73
68
12
63
67
66
30
92
64
29
38
43
38
19
76
25
40
96
28
42
49
35
29
11
18
44
42
23
96
70
62
48
90
94
29
24
85
55
47
74
88
36
61
31
10
17
20
18
48
32
8
6
0
53
34
81
70
63
7
35
21
43
84
57
57
14
60
94
78
68
69
42
57
51
33
12
76
35
87
29
75
10
0
57
58
68
60
16
34
37
70
20
13
40
62
65
89
53
0
12
80
33
50
70
57
40
48
58
74
